Data	TCRBV01.01	TCRBV02.01	TCRBV03.01	TCRBV04.01	TCRBV05.01	TCRBV12.01	TCRBV12.02	TCRBV13.01	TCRBV13.02	TCRBV13.03	TCRBV14.01	TCRBV15.01	TCRBV16.01	TCRBV17.01	TCRBV19.01	TCRBV20.01	TCRBV21.01	TCRBV23.01	TCRBV26.01	TCRBV29.01	TCRBV30.01	TCRBV31.01
MP_Tbet+_1_D2	0.0704225352112676	0.0539096648858669	0.0743079164643031	0.0274405050995629	0.0653229723166586	0.0155415250121418	0.0131131617289947	0.0667799902865469	0.177756192326372	0.0502671199611462	0.0150558523555124	0.0371539582321515	0.0390966488586693	0.0123846527440505	0.0752792617775619	0.0575522098105877	0.00218552695483244	0.00558523555123847	0.0303545410393395	0.0529383195726081	0.00339970859640602	0.0539096648858669
MP_Tbet+_2_D2	0.0649811488134841	0.0445775116433799	0.0578842315369262	0.0197383011754269	0.0660900421379463	0.0148591705477933	0.014193834553116	0.0705256154357951	0.214016411621202	0.047682412951874	0.0121978265690841	0.0408072743402085	0.0365934797072522	0.0108671545797294	0.0667553781326236	0.063872255489022	0.00133067198935462	0.00643158128188068	0.0321579064094034	0.067420714127301	0.00399201596806387	0.0428032823242404
MP_Tbet+_3_D2	0.0779880018458699	0.0392247346562067	0.0576834333179511	0.0274573142593447	0.0606829718504845	0.012921089063221	0.0115366866635902	0.0768343331795108	0.205583756345178	0.0526072911859714	0.00761421319796954	0.0336871250576834	0.0389940009229349	0.0115366866635902	0.0678357175819105	0.0627595754499308	0.00207660359944624	0.00369173973234887	0.0355329949238579	0.0678357175819105	0.00299953853253346	0.0429164743885556
MP_Tbet-_1_D2	0.0618317061831706	0.0643886564388656	0.0943747094374709	0.0378893537889354	0.0660158066015807	0.0165039516503952	0.0144119014411901	0.0560204556020456	0.132264063226406	0.0509065550906555	0.0153417015341702	0.0353324035332404	0.0485820548582055	0.0123198512319851	0.0890283589028359	0.0543933054393305	0.00162715016271502	0.00860065086006509	0.0478847047884705	0.0216178521617852	0.00464900046490005	0.0653184565318456
MP_Tbet-_2_D2	0.056393076493579	0.0630932439977666	0.0756560580681184	0.0332216638749302	0.0728643216080402	0.0184254606365159	0.0156337241764377	0.059463986599665	0.140145170295924	0.0499720826353992	0.0164712451144612	0.0429927414852038	0.03964265773311	0.0147962032384143	0.0907314349525405	0.0505304299274149	0.00139586823003908	0.0067001675041876	0.0424343941931882	0.0376884422110553	0.00474595198213289	0.067001675041876
MP_Tbet-_3_D2	0.0711957884181499	0.0556530458761594	0.0915016294810729	0.035597894209075	0.0814740536475307	0.0155427425419905	0.0125344697919278	0.0574078716470293	0.121835046377538	0.049135121584357	0.0162948107295061	0.0273251441464026	0.0496365003760341	0.0100275758335422	0.0970167961895212	0.0511406367510654	0.000752068187515668	0.00952619704186513	0.0391075457508147	0.0298320381047882	0.00275758335422412	0.0744547505640511
Naive_1_D2	0.0656939096954848	0.0723223661183059	0.0939140707035352	0.0409520476023801	0.0763256912845642	0.0128631431571579	0.0124256212810641	0.0499649982499125	0.111043052152608	0.0600717535876794	0.0168008400420021	0.0356142807140357	0.0509275463773189	0.00934109205460273	0.0893857192859643	0.0447147357367868	0.00150945047252363	0.00809415470773539	0.0395738536926846	0.0180696534826741	0.00220948547427371	0.0879856492824641
Naive_2_D2	0.0600081497844596	0.071718103244901	0.0919209899843438	0.0386256889784889	0.074184485384005	0.0174791429858237	0.0168786325519549	0.0490488343663543	0.112981748772171	0.0578849164647093	0.0173290153773565	0.039204752611148	0.0465395586248311	0.00920067771891822	0.0941300105089326	0.0469041542453943	0.00223046732579836	0.00875029489351663	0.0397194758401784	0.0192592274862204	0.00390331782014713	0.081733759409784
Naive_3_D2	0.0694612302016411	0.0783665161249284	0.0938871573055149	0.0403706295189025	0.0761189915823845	0.0128278523418782	0.0106227339227784	0.0455229735173759	0.112524648559252	0.0592625575133049	0.0153086105633653	0.0347518181625427	0.049487946059411	0.00935055021945169	0.087695863282658	0.0443143989992155	0.0016750418760469	0.00833280325679028	0.0385047600873566	0.0174289167355766	0.00294722557937366	0.0909611347878634
Treg_Nrp1+_1_D2	0.051973881717202	0.0714500150105074	0.0880741519063344	0.0254803362353648	0.0850720504353047	0.0512608826178325	0.0360252176523567	0.0473956769738817	0.107812969078355	0.052574302011408	0.0114830381266887	0.0446562593815671	0.054600720504353	0.0118958270789553	0.0804563194235965	0.0442059441609126	0.000788051636145302	0.00840588411888322	0.0433053137196037	0.0159111377964575	0.00424046832782948	0.0627439207445212
Treg_Nrp1+_2_D2	0.0520497778983419	0.0662575022888339	0.0913838120104439	0.0247872232206436	0.079888779627683	0.0519819605981486	0.0380794140585263	0.0452002305788207	0.109728391712726	0.0496422637414805	0.0131226475873995	0.0458784035807535	0.0517106913973755	0.0113254891322776	0.0859923366450782	0.0450645959784341	0.00152588925434878	0.00844325387406327	0.0423519039707029	0.0180394018514123	0.00491675426401275	0.0621884642772371
Treg_Nrp1+_3_D2	0.0563786946280678	0.0692956462274903	0.0928880784134944	0.0248461363118304	0.085783755033812	0.0466529898943849	0.0337740293290783	0.045095357495631	0.107514626548135	0.0501861560671681	0.0120431578147557	0.0442215637109642	0.0559987842869083	0.0115112833371324	0.0840361674644784	0.044373527847428	0.0012537041258263	0.00919383025605957	0.0405744244358331	0.0150064584757997	0.00376111237747891	0.0650026593723881
Treg_Nrp1-_1_D2	0.0509312048650703	0.0997719498289624	0.0974914481185861	0.0281261877613075	0.0794374762447738	0.0193842645381984	0.016533637400228	0.0442797415431395	0.117445838084379	0.0604332953249715	0.0148232611174458	0.040478905359179	0.0535917901938426	0.0114025085518814	0.0855188141391106	0.048270619536298	0.000760167236792094	0.0072215887495249	0.0351577347016344	0.0174838464462182	0.00361079437476245	0.0674648422652984
Treg_Nrp1-_2_D2	0.0560599182932365	0.0798910576486609	0.0871538810712665	0.0281434407625965	0.081025873808443	0.0247389922832501	0.022015433499773	0.047208352246936	0.112119836586473	0.0535633227417158	0.0149795733091239	0.0483431684067181	0.0558329550612801	0.0120290512936904	0.0932818883340899	0.0442578302315025	0.00226963231956423	0.00726282342260554	0.0385837494325919	0.0156604630049932	0.00340444847934635	0.0719473445301861
Treg_Nrp1-_3_D2	0.0692662904053361	0.0895330938943048	0.0951770138532581	0.0277065161621344	0.0933812211390457	0.0164186762442278	0.0156490507952796	0.0441251924063622	0.102360184710108	0.0528476141611083	0.013083632632119	0.0359158542842483	0.0572088250384813	0.0148794253463315	0.0792714212416624	0.0520779887121601	0.0012827090815803	0.0094920472036942	0.0407901487942535	0.0197537198563366	0.00359158542842483	0.0654181631605952
SPF_MP1_Tbet-hi_D1	0.0602042644687332	0.0711342053395449	0.079555635190826	0.0378068446514961	0.0573373947321269	0.0234724959684644	0.0145135280415696	0.0528579107686794	0.147285432718151	0.0627127754882637	0.0143343486830317	0.0365525891417309	0.05196201397599	0.0112882995878875	0.0759720480200681	0.0530370901272173	0.00215015230245476	0.00824225049274324	0.0374484859344204	0.0266977244221466	0.00268769037806845	0.0560831392223616
SPF_MP1_Tbet-lo_D1	0.0606499240066585	0.0904682637330824	0.088224650792502	0.0413259028732721	0.0725193602084389	0.0137511760874285	0.011652312368821	0.0476224940290946	0.110950278642252	0.0549323297387277	0.013823550698415	0.0345950640515307	0.0476948686400811	0.00919157559528118	0.0890207715133531	0.0453788810885142	0.00202648910762105	0.00882970254034885	0.0433523919808931	0.0139682999203879	0.0029673590504451	0.0825070565245712
SPF_MP2_Tbet-hi_D1	0.0575376005596362	0.0605106680657573	0.0825463448758307	0.0335781741867786	0.0720531654424624	0.0220356768100735	0.0146904512067156	0.0519412381951731	0.147254284714935	0.0673312346974467	0.0115424973767051	0.037075900664568	0.0531654424623994	0.0129415879678209	0.071178733823015	0.0517663518712837	0.00157397691500525	0.00891920251836306	0.0328786288912207	0.0251836306400839	0.00349772647778944	0.0666316894018888
SPF_MP2_Tbet-lo_D1	0.0581201755713637	0.0802936279703345	0.0896019373391857	0.0401846526411382	0.0706826093537158	0.0164219766913879	0.0166490086272136	0.0488875435144544	0.109353715756016	0.0500983805055244	0.0131678522778871	0.0535795368548509	0.0612229453609808	0.00892992280914182	0.0799152414106251	0.0436658089904647	0.00121083699107008	0.0093839866807931	0.0437414863024065	0.0131678522778871	0.00363251097321023	0.0760556985015892
SPF_MP3_Tbet-hi_D1	0.0636224418766532	0.0643185298621746	0.076708896004455	0.0309063065571488	0.0679381873868857	0.0236669915077266	0.0175414172351385	0.0552693860503968	0.149798134484199	0.0708617569260755	0.0133648893220103	0.0374495336210497	0.049283029374913	0.0128080189335932	0.0648754002505917	0.0513712933314771	0.00167061116525129	0.00710009745231797	0.0368926632326326	0.0222748155366838	0.00292356953918975	0.0651538354448002
SPF_MP3_Tbet-lo_D1	0.0563380281690141	0.0864402098867716	0.0955537144435239	0.0374206020436344	0.0728620086532265	0.0144527294485869	0.0140845070422535	0.0453834115805947	0.111203166712694	0.0523796373009298	0.0146828684525453	0.0372364908404676	0.050768664273221	0.00925158795912731	0.0841388198471877	0.0471784958114701	0.00138083402375035	0.00943569916229403	0.0390776028721348	0.0210347049617969	0.00372825186412593	0.0831262082297708
Exp_1_Mouse_1_Helios+_Treg_A_D1	0.0456192672481057	0.0576179494737572	0.150139580046122	0.0233384772770621	0.0688190314358539	0.0728763892982852	0.0487749900299967	0.0408856830752692	0.0921921869852444	0.0502314774677926	0.0117212560470237	0.0379033516550205	0.049381859795745	0.00910304648622406	0.0665996220068316	0.0338113155202608	0.00156052225478127	0.00913772475855253	0.0348169854177865	0.0204255024014704	0.00296499228408441	0.0585022454181333
Exp_1_Mouse_1_Helios+_Treg_B_D1	0.0455967976710335	0.0583697234352256	0.150745997088792	0.0226164483260553	0.0685589519650655	0.0741266375545852	0.0468522561863173	0.040684133915575	0.0932132459970888	0.0502001455604076	0.0110443959243086	0.0386826783114993	0.0463609898107715	0.00844250363901019	0.0669395924308588	0.0348799126637555	0.00154657933042213	0.00809679767103348	0.0348071324599709	0.0197962154294032	0.00354803493449782	0.0604075691411936
Exp_1_Mouse_1_Helios-_Treg_D1	0.0531458661310461	0.0836002388578253	0.108354595298844	0.030671516204332	0.0778459367026763	0.0179686227674936	0.0153629010368601	0.04489441398404	0.105911731176375	0.0537972965637045	0.0135714673470496	0.0365886759676456	0.0592801693719125	0.0110743173551924	0.0768687910536887	0.0457087020248629	0.00152000434286955	0.00955431301232289	0.0406601161717605	0.0213343466695619	0.00412572607350307	0.073123066065903
Exp_1_Mouse_2_Helios+_Treg_A_D1	0.045149185983175	0.059946740906615	0.103431580221509	0.0249954608727229	0.072535253888519	0.0834896810506567	0.0561943956908552	0.0439690128911215	0.0948828905162501	0.0538945712037766	0.0119379047388489	0.0409883193124735	0.0497034436845609	0.00968347152454155	0.0666041275797373	0.0347545845185499	0.00149791200145252	0.0086999939478303	0.0372964957937421	0.0185045088664286	0.003147128245476	0.0642286509713732
Exp_1_Mouse_2_Helios+_Treg_B_D1	0.046908012992337	0.0600422566301914	0.102172747627006	0.0271356942385923	0.0710794361578001	0.0821481504840592	0.0555800826211725	0.0435968591340544	0.0956135095077418	0.0535303207089023	0.0122355018763205	0.0389770111317839	0.0503768408438712	0.00960234618901958	0.0680993976853458	0.0350193939011699	0.00160827473116584	0.00856169783355933	0.0364542272397591	0.0186055312036833	0.00375264103938696	0.0652297310081675
Exp_1_Mouse_2_Helios-_Treg_D1	0.0547449768160742	0.0868933539412674	0.0923647604327666	0.0319938176197836	0.0817619783616692	0.0184853168469861	0.0165378670788253	0.0449149922720247	0.106120556414219	0.0578361669242658	0.0148686244204019	0.0364142194744977	0.0533539412673879	0.0100772797527048	0.0797527047913447	0.0453168469860896	0.00163833075734158	0.0085935085007728	0.0448840803709428	0.0204945904173107	0.00364760432766615	0.0755795981452859
Exp_2_Mouse_1_Helios+_Treg_D1	0.0497515626134844	0.0634615466776039	0.114738339677779	0.0286674955033474	0.0720788847447055	0.0616927921115255	0.0400319572081021	0.0472821419874136	0.0944959263104378	0.053647949483686	0.0135519069652188	0.0402925708035871	0.0487176529395932	0.0101083896215976	0.0713226780823966	0.0355716196066871	0.00157222628095855	0.00951880476623815	0.0388869663295779	0.0230792564395056	0.00331961907691519	0.0648714235056374
Exp_2_Mouse_1_Helios-_Treg_D1	0.0590492432317203	0.0894620905279613	0.0957151993178427	0.0315142471399133	0.0852341362893484	0.0138918496411568	0.0112271726000142	0.0487813543665174	0.107120017053933	0.0554252824557664	0.0153130107297662	0.0359198465146024	0.0531869537412066	0.00952177929368294	0.0762097633766787	0.0470759610601862	0.00156327719747033	0.00845590847722589	0.0427058907127123	0.0207134228664819	0.00294890925886449	0.0770269310026292
Exp_2_Mouse_1_Tnaive_D1	0.0626011144277909	0.0719365067123328	0.0778355421486126	0.0432826716820007	0.0719505290815173	0.0149653735120952	0.0117095546670827	0.0549887207567873	0.106812768068261	0.0627798996348926	0.0209257568135568	0.0320875626843722	0.050057228794234	0.0109874026540839	0.0929656784986249	0.0430328982309028	0.00179661605175656	0.0104116091194478	0.0450573777819066	0.0198530455709471	0.00255294758964238	0.0767970104308899
Exp_2_Mouse_2_Helios+_Treg_D1	0.0541036702901876	0.0651709261614718	0.113845871415271	0.0282254363304966	0.0726059191460904	0.0567918070835683	0.0389452013480023	0.0455803097258101	0.0924325671050734	0.0499075543200325	0.0137094976462412	0.0402040361390488	0.0514548720840272	0.0102673712644733	0.0727304913389544	0.036978271986992	0.00194726006740011	0.00906754435425709	0.0393058050641875	0.0210527005940127	0.0033765620697342	0.0690457770026619
Exp_2_Mouse_2_Helios-_Treg_D1	0.0637920641112017	0.0914861175135634	0.0862026169284777	0.0334739902840325	0.0839686535938442	0.0134392397432715	0.0121626892663381	0.0484379986525301	0.103967944399135	0.053083223999149	0.0146448707492642	0.0344668628772029	0.0562391404560122	0.00950320910606007	0.0786142335378178	0.0471614481755966	0.00163114783163718	0.00854579624835999	0.0404950179071664	0.0225878514946279	0.00347505407609659	0.0802099216339846
Exp_2_Mouse_2_Tnaive_D1	0.0666432909483044	0.0730248620612091	0.0676753509665639	0.0428450454503354	0.0724241502044273	0.0123622266033317	0.0105653836484645	0.0540481892639295	0.107401722746338	0.0605382589941384	0.0199478677375392	0.0314090265556982	0.0516440186829326	0.0106725591118991	0.0956415311536579	0.0427114069095095	0.00199531603530175	0.00984955740503063	0.0448787329478545	0.0207377905976686	0.00300488243777869	0.0855577755137145
Exp_2_Mouse_3_Helios+_Treg_D1	0.0475947492696202	0.0656541401528795	0.105104654420299	0.0281546404130148	0.0724176571817345	0.0724676831952615	0.0438628086605035	0.0465842237963741	0.0950394204986593	0.0515067835274343	0.0130267739224397	0.0400008004162164	0.0503561852163125	0.0094048905430824	0.072307599951975	0.0358386360907672	0.00143074398687317	0.00953495817825269	0.0389702645375595	0.0188598070996918	0.00319165966302477	0.0655040621122984
Exp_2_Mouse_3_Helios-_Treg_D1	0.0529081990189208	0.0852750525578136	0.0939908899789769	0.032323055360897	0.0853626489138052	0.0165119131044149	0.0159863349684653	0.0498861247372109	0.103670287316048	0.0558426769446391	0.0169936930623686	0.0387613875262789	0.0536089698668535	0.0100735809390329	0.0784425367904695	0.0463384723195515	0.00170812894183602	0.00941660826909601	0.0424404344779257	0.0201471618780659	0.00385423966362999	0.0749386825508059
Exp_2_Mouse_3_Tnaive_D1	0.0579631523559666	0.0721167385536633	0.0793617620466302	0.0430047282375087	0.0727837313056754	0.0157395467413699	0.0131990454592616	0.0545525960840114	0.110760816399128	0.0615723242474098	0.0191056368298576	0.0334029970207657	0.0500392784620629	0.0101249499755436	0.0912564661241792	0.0407236130256273	0.00177123630812101	0.010311707946107	0.0428920805727244	0.0200171935909408	0.00285324677249618	0.081840010671884
